time=0.000000 kind=3 id=1 len=20 payload=00 00 00 00 00 00 00 00 00 00 00 00 00 00 00 00 00 00 00 00
time=0.000000 kind=2 id=2 len=32 payload=0A D7 23 3C 00 00 00 00 00 00 00 00 00 00 00 00 00 00 00 00 00 00 00 00 00 00 00 00 00 00 00 00
time=0.000000 kind=1 id=3 len=12 payload=00 00 00 00 00 00 00 00 00 00 00 00
time=0.001000 kind=3 id=1 len=20 payload=00 00 00 00 01 00 00 00 00 00 00 00 00 00 00 00 E8 03 00 00
time=0.001000 kind=2 id=2 len=32 payload=0A D7 23 3C 00 00 00 00 00 00 00 00 00 00 00 00 00 00 00 00 00 00 00 00 00 00 00 00 00 00 00 00
time=0.001000 kind=1 id=3 len=12 payload=00 00 00 00 00 00 00 00 00 00 00 00
time=0.002000 kind=3 id=1 len=20 payload=00 00 00 00 02 00 00 00 00 00 00 00 00 00 00 00 D0 07 00 00
time=0.002000 kind=2 id=2 len=32 payload=0A D7 23 3C 00 00 00 00 00 00 00 00 00 00 00 00 00 00 00 00 00 00 00 00 00 00 00 00 00 00 00 00
time=0.002000 kind=1 id=3 len=12 payload=00 00 00 00 00 00 00 00 00 00 00 00
time=0.003000 kind=3 id=1 len=20 payload=00 00 00 00 03 00 00 00 00 00 00 00 00 00 00 00 B8 0B 00 00
time=0.003000 kind=2 id=2 len=32 payload=0A D7 23 3C 00 00 00 00 00 00 00 00 00 00 00 00 00 00 00 00 00 00 00 00 00 00 00 00 00 00 00 00
time=0.003000 kind=1 id=3 len=12 payload=00 00 00 00 00 00 00 00 00 00 00 00
time=0.004000 kind=3 id=1 len=20 payload=00 00 00 00 04 00 00 00 00 00 00 00 00 00 00 00 A0 0F 00 00
time=0.004000 kind=2 id=2 len=32 payload=0A D7 23 3C 00 00 00 00 00 00 00 00 00 00 00 00 00 00 00 00 00 00 00 00 00 00 00 00 00 00 00 00
time=0.004000 kind=1 id=3 len=12 payload=00 00 00 00 00 00 00 00 00 00 00 00
time=0.005000 kind=3 id=1 len=20 payload=00 00 00 00 05 00 00 00 00 00 00 00 00 00 00 00 88 13 00 00
time=0.005000 kind=2 id=2 len=32 payload=0A D7 23 3C 00 00 00 00 00 00 00 00 00 00 00 00 00 00 00 00 00 00 00 00 00 00 00 00 00 00 00 00
time=0.005000 kind=1 id=3 len=12 payload=00 00 00 00 00 00 00 00 00 00 00 00
time=0.006000 kind=3 id=1 len=20 payload=00 00 00 00 06 00 00 00 00 00 00 00 00 00 00 00 70 17 00 00
time=0.006000 kind=2 id=2 len=32 payload=0A D7 23 3C 00 00 00 00 00 00 00 00 00 00 00 00 00 00 00 00 00 00 00 00 00 00 00 00 00 00 00 00
time=0.006000 kind=1 id=3 len=12 payload=00 00 00 00 00 00 00 00 00 00 00 00
time=0.007000 kind=3 id=1 len=20 payload=00 00 00 00 07 00 00 00 00 00 00 00 00 00 00 00 58 1B 00 00
time=0.007000 kind=2 id=2 len=32 payload=0A D7 23 3C 00 00 00 00 00 00 00 00 00 00 00 00 00 00 00 00 00 00 00 00 00 00 00 00 00 00 00 00
time=0.007000 kind=1 id=3 len=12 payload=00 00 00 00 00 00 00 00 00 00 00 00
time=0.008000 kind=3 id=1 len=20 payload=00 00 00 00 08 00 00 00 00 00 00 00 00 00 00 00 40 1F 00 00
time=0.008000 kind=2 id=2 len=32 payload=0A D7 23 3C 00 00 00 00 00 00 00 00 00 00 00 00 00 00 00 00 00 00 00 00 00 00 00 00 00 00 00 00
time=0.008000 kind=1 id=3 len=12 payload=00 00 00 00 00 00 00 00 00 00 00 00
time=0.009000 kind=3 id=1 len=20 payload=00 00 00 00 09 00 00 00 00 00 00 00 00 00 00 00 28 23 00 00
time=0.009000 kind=2 id=2 len=32 payload=0A D7 23 3C 00 00 00 00 00 00 00 00 00 00 00 00 00 00 00 00 00 00 00 00 00 00 00 00 00 00 00 00
time=0.009000 kind=1 id=3 len=12 payload=00 00 00 00 00 00 00 00 00 00 00 00
time=0.010000 kind=3 id=1 len=20 payload=00 00 00 00 0A 00 00 00 00 00 00 00 00 00 00 00 10 27 00 00
time=0.010000 kind=2 id=2 len=32 payload=0A D7 23 3C 00 00 00 00 00 00 00 00 00 00 00 00 00 00 00 00 00 00 00 00 00 00 00 00 00 00 00 00
time=0.010000 kind=1 id=3 len=12 payload=00 00 00 00 00 00 00 00 00 00 00 00
time=0.011000 kind=3 id=1 len=20 payload=00 00 00 00 0B 00 00 00 00 00 00 00 00 00 00 00 F8 2A 00 00
time=0.011000 kind=2 id=2 len=32 payload=0A D7 23 3C 00 00 00 00 00 00 00 00 00 00 00 00 00 00 00 00 00 00 00 00 00 00 00 00 00 00 00 00
time=0.011000 kind=1 id=3 len=12 payload=00 00 00 00 00 00 00 00 00 00 00 00
time=0.012000 kind=3 id=1 len=20 payload=00 00 00 00 0C 00 00 00 00 00 00 00 00 00 00 00 E0 2E 00 00
time=0.012000 kind=2 id=2 len=32 payload=0A D7 23 3C 00 00 00 00 00 00 00 00 00 00 00 00 00 00 00 00 00 00 00 00 00 00 00 00 00 00 00 00
time=0.012000 kind=1 id=3 len=12 payload=00 00 00 00 00 00 00 00 00 00 00 00
time=0.013000 kind=3 id=1 len=20 payload=00 00 00 00 0D 00 00 00 00 00 00 00 00 00 00 00 C8 32 00 00
time=0.013000 kind=2 id=2 len=32 payload=0A D7 23 3C 00 00 00 00 00 00 00 00 00 00 00 00 00 00 00 00 00 00 00 00 00 00 00 00 00 00 00 00
time=0.013000 kind=1 id=3 len=12 payload=00 00 00 00 00 00 00 00 00 00 00 00
time=0.014000 kind=3 id=1 len=20 payload=00 00 00 00 0E 00 00 00 00 00 00 00 00 00 00 00 B0 36 00 00
time=0.014000 kind=2 id=2 len=32 payload=0A D7 23 3C 00 00 00 00 00 00 00 00 00 00 00 00 00 00 00 00 00 00 00 00 00 00 00 00 00 00 00 00
time=0.014000 kind=1 id=3 len=12 payload=00 00 00 00 00 00 00 00 00 00 00 00
time=0.015000 kind=3 id=1 len=20 payload=00 00 00 00 0F 00 00 00 00 00 00 00 00 00 00 00 98 3A 00 00
time=0.015000 kind=2 id=2 len=32 payload=0A D7 23 3C 00 00 00 00 00 00 00 00 00 00 00 00 00 00 00 00 00 00 00 00 00 00 00 00 00 00 00 00
time=0.015000 kind=1 id=3 len=12 payload=00 00 00 00 00 00 00 00 00 00 00 00
time=0.016000 kind=3 id=1 len=20 payload=00 00 00 00 10 00 00 00 00 00 00 00 00 00 00 00 80 3E 00 00
time=0.016000 kind=2 id=2 len=32 payload=0A D7 23 3C 00 00 00 00 00 00 00 00 00 00 00 00 00 00 00 00 00 00 00 00 00 00 00 00 00 00 00 00
time=0.016000 kind=1 id=3 len=12 payload=00 00 00 00 00 00 00 00 00 00 00 00
time=0.017000 kind=3 id=1 len=20 payload=00 00 00 00 11 00 00 00 00 00 00 00 00 00 00 00 68 42 00 00
time=0.017000 kind=2 id=2 len=32 payload=0A D7 23 3C 00 00 00 00 00 00 00 00 00 00 00 00 00 00 00 00 00 00 00 00 00 00 00 00 00 00 00 00
time=0.017000 kind=1 id=3 len=12 payload=00 00 00 00 00 00 00 00 00 00 00 00
time=0.018000 kind=3 id=1 len=20 payload=00 00 00 00 12 00 00 00 00 00 00 00 00 00 00 00 50 46 00 00
time=0.018000 kind=2 id=2 len=32 payload=0A D7 23 3C 00 00 00 00 00 00 00 00 00 00 00 00 00 00 00 00 00 00 00 00 00 00 00 00 00 00 00 00
time=0.018000 kind=1 id=3 len=12 payload=00 00 00 00 00 00 00 00 00 00 00 00
time=0.019000 kind=3 id=1 len=20 payload=00 00 00 00 13 00 00 00 00 00 00 00 00 00 00 00 38 4A 00 00
time=0.019000 kind=2 id=2 len=32 payload=0A D7 23 3C 00 00 00 00 00 00 00 00 00 00 00 00 00 00 00 00 00 00 00 00 00 00 00 00 00 00 00 00
time=0.019000 kind=1 id=3 len=12 payload=00 00 00 00 00 00 00 00 00 00 00 00
time=0.020000 kind=3 id=1 len=20 payload=00 00 00 00 14 00 00 00 00 00 00 00 00 00 00 00 20 4E 00 00
time=0.020000 kind=2 id=2 len=32 payload=0A D7 23 3C 00 00 00 00 00 00 00 00 00 00 00 00 00 00 00 00 00 00 00 00 00 00 00 00 00 00 00 00
time=0.020000 kind=1 id=3 len=12 payload=00 00 00 00 00 00 00 00 00 00 00 00
time=0.021000 kind=3 id=1 len=20 payload=00 00 00 00 15 00 00 00 00 00 00 00 00 00 00 00 08 52 00 00
time=0.021000 kind=2 id=2 len=32 payload=0A D7 23 3C 00 00 00 00 00 00 00 00 00 00 00 00 00 00 00 00 00 00 00 00 00 00 00 00 00 00 00 00
time=0.021000 kind=1 id=3 len=12 payload=00 00 00 00 00 00 00 00 00 00 00 00
time=0.022000 kind=3 id=1 len=20 payload=00 00 00 00 16 00 00 00 00 00 00 00 00 00 00 00 F0 55 00 00
time=0.022000 kind=2 id=2 len=32 payload=0A D7 23 3C 00 00 00 00 00 00 00 00 00 00 00 00 00 00 00 00 00 00 00 00 00 00 00 00 00 00 00 00
time=0.022000 kind=1 id=3 len=12 payload=00 00 00 00 00 00 00 00 00 00 00 00
time=0.023000 kind=3 id=1 len=20 payload=00 00 00 00 17 00 00 00 00 00 00 00 00 00 00 00 D8 59 00 00
time=0.023000 kind=2 id=2 len=32 payload=0A D7 23 3C 00 00 00 00 00 00 00 00 00 00 00 00 00 00 00 00 00 00 00 00 00 00 00 00 00 00 00 00
time=0.023000 kind=1 id=3 len=12 payload=00 00 00 00 00 00 00 00 00 00 00 00
time=0.024000 kind=3 id=1 len=20 payload=00 00 00 00 18 00 00 00 00 00 00 00 00 00 00 00 C0 5D 00 00
time=0.024000 kind=2 id=2 len=32 payload=0A D7 23 3C 00 00 00 00 00 00 00 00 00 00 00 00 00 00 00 00 00 00 00 00 00 00 00 00 00 00 00 00
time=0.024000 kind=1 id=3 len=12 payload=00 00 00 00 00 00 00 00 00 00 00 00
time=0.025000 kind=3 id=1 len=20 payload=00 00 00 00 19 00 00 00 00 00 00 00 00 00 00 00 A8 61 00 00
time=0.025000 kind=2 id=2 len=32 payload=0A D7 23 3C 00 00 00 00 00 00 00 00 00 00 00 00 00 00 00 00 00 00 00 00 00 00 00 00 00 00 00 00
time=0.025000 kind=1 id=3 len=12 payload=00 00 00 00 00 00 00 00 00 00 00 00
time=0.026000 kind=3 id=1 len=20 payload=00 00 00 00 1A 00 00 00 00 00 00 00 00 00 00 00 90 65 00 00
time=0.026000 kind=2 id=2 len=32 payload=0A D7 23 3C 00 00 00 00 00 00 00 00 00 00 00 00 00 00 00 00 00 00 00 00 00 00 00 00 00 00 00 00
time=0.026000 kind=1 id=3 len=12 payload=00 00 00 00 00 00 00 00 00 00 00 00
time=0.027000 kind=3 id=1 len=20 payload=00 00 00 00 1B 00 00 00 00 00 00 00 00 00 00 00 78 69 00 00
time=0.027000 kind=2 id=2 len=32 payload=0A D7 23 3C 00 00 00 00 00 00 00 00 00 00 00 00 00 00 00 00 00 00 00 00 00 00 00 00 00 00 00 00
time=0.027000 kind=1 id=3 len=12 payload=00 00 00 00 00 00 00 00 00 00 00 00
time=0.028000 kind=3 id=1 len=20 payload=00 00 00 00 1C 00 00 00 00 00 00 00 00 00 00 00 60 6D 00 00
time=0.028000 kind=2 id=2 len=32 payload=0A D7 23 3C 00 00 00 00 00 00 00 00 00 00 00 00 00 00 00 00 00 00 00 00 00 00 00 00 00 00 00 00
time=0.028000 kind=1 id=3 len=12 payload=00 00 00 00 00 00 00 00 00 00 00 00
time=0.029000 kind=3 id=1 len=20 payload=00 00 00 00 1D 00 00 00 00 00 00 00 00 00 00 00 48 71 00 00
time=0.029000 kind=2 id=2 len=32 payload=0A D7 23 3C 00 00 00 00 00 00 00 00 00 00 00 00 00 00 00 00 00 00 00 00 00 00 00 00 00 00 00 00
time=0.029000 kind=1 id=3 len=12 payload=00 00 00 00 00 00 00 00 00 00 00 00
time=0.030000 kind=3 id=1 len=20 payload=00 00 00 00 1E 00 00 00 00 00 00 00 00 00 00 00 30 75 00 00
time=0.030000 kind=2 id=2 len=32 payload=0A D7 23 3C 00 00 00 00 00 00 00 00 00 00 00 00 00 00 00 00 00 00 00 00 00 00 00 00 00 00 00 00
time=0.030000 kind=1 id=3 len=12 payload=00 00 00 00 00 00 00 00 00 00 00 00
time=0.031000 kind=3 id=1 len=20 payload=00 00 00 00 1F 00 00 00 00 00 00 00 00 00 00 00 18 79 00 00
time=0.031000 kind=2 id=2 len=32 payload=0A D7 23 3C 00 00 00 00 00 00 00 00 00 00 00 00 00 00 00 00 00 00 00 00 00 00 00 00 00 00 00 00
time=0.031000 kind=1 id=3 len=12 payload=00 00 00 00 00 00 00 00 00 00 00 00
time=0.032000 kind=3 id=1 len=20 payload=00 00 00 00 20 00 00 00 00 00 00 00 00 00 00 00 00 7D 00 00
time=0.032000 kind=2 id=2 len=32 payload=0A D7 23 3C 00 00 00 00 00 00 00 00 00 00 00 00 00 00 00 00 00 00 00 00 00 00 00 00 00 00 00 00
time=0.032000 kind=1 id=3 len=12 payload=00 00 00 00 00 00 00 00 00 00 00 00
time=0.033000 kind=3 id=1 len=20 payload=00 00 00 00 21 00 00 00 00 00 00 00 00 00 00 00 E7 80 00 00
time=0.033000 kind=2 id=2 len=32 payload=0A D7 23 3C 00 00 00 00 00 00 00 00 00 00 00 00 00 00 00 00 00 00 00 00 00 00 00 00 00 00 00 00
time=0.033000 kind=1 id=3 len=12 payload=00 00 00 00 00 00 00 00 00 00 00 00
time=0.034000 kind=3 id=1 len=20 payload=00 00 00 00 22 00 00 00 00 00 00 00 00 00 00 00 CF 84 00 00
time=0.034000 kind=2 id=2 len=32 payload=0A D7 23 3C 00 00 00 00 00 00 00 00 00 00 00 00 00 00 00 00 00 00 00 00 00 00 00 00 00 00 00 00
time=0.034000 kind=1 id=3 len=12 payload=00 00 00 00 00 00 00 00 00 00 00 00
time=0.035000 kind=3 id=1 len=20 payload=00 00 00 00 23 00 00 00 00 00 00 00 00 00 00 00 B7 88 00 00
time=0.035000 kind=2 id=2 len=32 payload=0A D7 23 3C 00 00 00 00 00 00 00 00 00 00 00 00 00 00 00 00 00 00 00 00 00 00 00 00 00 00 00 00
time=0.035000 kind=1 id=3 len=12 payload=00 00 00 00 00 00 00 00 00 00 00 00
time=0.036000 kind=3 id=1 len=20 payload=00 00 00 00 24 00 00 00 00 00 00 00 00 00 00 00 9F 8C 00 00
time=0.036000 kind=2 id=2 len=32 payload=0A D7 23 3C 00 00 00 00 00 00 00 00 00 00 00 00 00 00 00 00 00 00 00 00 00 00 00 00 00 00 00 00
time=0.036000 kind=1 id=3 len=12 payload=00 00 00 00 00 00 00 00 00 00 00 00
time=0.037000 kind=3 id=1 len=20 payload=00 00 00 00 25 00 00 00 00 00 00 00 00 00 00 00 87 90 00 00
time=0.037000 kind=2 id=2 len=32 payload=0A D7 23 3C 00 00 00 00 00 00 00 00 00 00 00 00 00 00 00 00 00 00 00 00 00 00 00 00 00 00 00 00
time=0.037000 kind=1 id=3 len=12 payload=00 00 00 00 00 00 00 00 00 00 00 00
time=0.038000 kind=3 id=1 len=20 payload=00 00 00 00 26 00 00 00 00 00 00 00 00 00 00 00 6F 94 00 00
time=0.038000 kind=2 id=2 len=32 payload=0A D7 23 3C 00 00 00 00 00 00 00 00 00 00 00 00 00 00 00 00 00 00 00 00 00 00 00 00 00 00 00 00
time=0.038000 kind=1 id=3 len=12 payload=00 00 00 00 00 00 00 00 00 00 00 00
time=0.039000 kind=3 id=1 len=20 payload=00 00 00 00 27 00 00 00 00 00 00 00 00 00 00 00 57 98 00 00
time=0.039000 kind=2 id=2 len=32 payload=0A D7 23 3C 00 00 00 00 00 00 00 00 00 00 00 00 00 00 00 00 00 00 00 00 00 00 00 00 00 00 00 00
time=0.039000 kind=1 id=3 len=12 payload=00 00 00 00 00 00 00 00 00 00 00 00
time=0.040000 kind=3 id=1 len=20 payload=00 00 00 00 28 00 00 00 00 00 00 00 00 00 00 00 3F 9C 00 00
time=0.040000 kind=2 id=2 len=32 payload=0A D7 23 3C 00 00 00 00 00 00 00 00 00 00 00 00 00 00 00 00 00 00 00 00 00 00 00 00 00 00 00 00
time=0.040000 kind=1 id=3 len=12 payload=00 00 00 00 00 00 00 00 00 00 00 00
time=0.041000 kind=3 id=1 len=20 payload=00 00 00 00 29 00 00 00 00 00 00 00 00 00 00 00 27 A0 00 00
time=0.041000 kind=2 id=2 len=32 payload=0A D7 23 3C 00 00 00 00 00 00 00 00 00 00 00 00 00 00 00 00 00 00 00 00 00 00 00 00 00 00 00 00
time=0.041000 kind=1 id=3 len=12 payload=00 00 00 00 00 00 00 00 00 00 00 00
time=0.042000 kind=3 id=1 len=20 payload=00 00 00 00 2A 00 00 00 00 00 00 00 00 00 00 00 0F A4 00 00
time=0.042000 kind=2 id=2 len=32 payload=0A D7 23 3C 00 00 00 00 00 00 00 00 00 00 00 00 00 00 00 00 00 00 00 00 00 00 00 00 00 00 00 00
time=0.042000 kind=1 id=3 len=12 payload=00 00 00 00 00 00 00 00 00 00 00 00
time=0.043000 kind=3 id=1 len=20 payload=00 00 00 00 2B 00 00 00 00 00 00 00 00 00 00 00 F7 A7 00 00
time=0.043000 kind=2 id=2 len=32 payload=0A D7 23 3C 00 00 00 00 00 00 00 00 00 00 00 00 00 00 00 00 00 00 00 00 00 00 00 00 00 00 00 00
time=0.043000 kind=1 id=3 len=12 payload=00 00 00 00 00 00 00 00 00 00 00 00
time=0.044000 kind=3 id=1 len=20 payload=00 00 00 00 2C 00 00 00 00 00 00 00 00 00 00 00 DF AB 00 00
time=0.044000 kind=2 id=2 len=32 payload=0A D7 23 3C 00 00 00 00 00 00 00 00 00 00 00 00 00 00 00 00 00 00 00 00 00 00 00 00 00 00 00 00
time=0.044000 kind=1 id=3 len=12 payload=00 00 00 00 00 00 00 00 00 00 00 00
time=0.045000 kind=3 id=1 len=20 payload=00 00 00 00 2D 00 00 00 00 00 00 00 00 00 00 00 C7 AF 00 00
time=0.045000 kind=2 id=2 len=32 payload=0A D7 23 3C 00 00 00 00 00 00 00 00 00 00 00 00 00 00 00 00 00 00 00 00 00 00 00 00 00 00 00 00
time=0.045000 kind=1 id=3 len=12 payload=00 00 00 00 00 00 00 00 00 00 00 00
time=0.046000 kind=3 id=1 len=20 payload=00 00 00 00 2E 00 00 00 00 00 00 00 00 00 00 00 AF B3 00 00
time=0.046000 kind=2 id=2 len=32 payload=0A D7 23 3C 00 00 00 00 00 00 00 00 00 00 00 00 00 00 00 00 00 00 00 00 00 00 00 00 00 00 00 00
time=0.046000 kind=1 id=3 len=12 payload=00 00 00 00 00 00 00 00 00 00 00 00
time=0.047000 kind=3 id=1 len=20 payload=00 00 00 00 2F 00 00 00 00 00 00 00 00 00 00 00 97 B7 00 00
time=0.047000 kind=2 id=2 len=32 payload=0A D7 23 3C 00 00 00 00 00 00 00 00 00 00 00 00 00 00 00 00 00 00 00 00 00 00 00 00 00 00 00 00
time=0.047000 kind=1 id=3 len=12 payload=00 00 00 00 00 00 00 00 00 00 00 00
time=0.048000 kind=3 id=1 len=20 payload=00 00 00 00 30 00 00 00 00 00 00 00 00 00 00 00 7F BB 00 00
time=0.048000 kind=2 id=2 len=32 payload=0A D7 23 3C 00 00 00 00 00 00 00 00 00 00 00 00 00 00 00 00 00 00 00 00 00 00 00 00 00 00 00 00
time=0.048000 kind=1 id=3 len=12 payload=00 00 00 00 00 00 00 00 00 00 00 00
time=0.049000 kind=3 id=1 len=20 payload=00 00 00 00 31 00 00 00 00 00 00 00 00 00 00 00 67 BF 00 00
time=0.049000 kind=2 id=2 len=32 payload=0A D7 23 3C 00 00 00 00 00 00 00 00 00 00 00 00 00 00 00 00 00 00 00 00 00 00 00 00 00 00 00 00
time=0.049000 kind=1 id=3 len=12 payload=00 00 00 00 00 00 00 00 00 00 00 00
time=0.050000 kind=3 id=1 len=20 payload=00 00 00 00 32 00 00 00 00 00 00 00 00 00 00 00 4F C3 00 00
time=0.050000 kind=2 id=2 len=32 payload=0A D7 23 3C 00 00 00 00 00 00 00 00 00 00 00 00 00 00 00 00 00 00 00 00 00 00 00 00 00 00 00 00
time=0.050000 kind=1 id=3 len=12 payload=00 00 00 00 00 00 00 00 00 00 00 00
time=0.051000 kind=3 id=1 len=20 payload=00 00 00 00 33 00 00 00 00 00 00 00 00 00 00 00 37 C7 00 00
time=0.051000 kind=2 id=2 len=32 payload=0A D7 23 3C 00 00 00 00 00 00 00 00 00 00 00 00 00 00 00 00 00 00 00 00 00 00 00 00 00 00 00 00
time=0.051000 kind=1 id=3 len=12 payload=00 00 00 00 00 00 00 00 00 00 00 00
time=0.052000 kind=3 id=1 len=20 payload=00 00 00 00 34 00 00 00 00 00 00 00 00 00 00 00 1F CB 00 00
time=0.052000 kind=2 id=2 len=32 payload=0A D7 23 3C 00 00 00 00 00 00 00 00 00 00 00 00 00 00 00 00 00 00 00 00 00 00 00 00 00 00 00 00
time=0.052000 kind=1 id=3 len=12 payload=00 00 00 00 00 00 00 00 00 00 00 00
time=0.053000 kind=3 id=1 len=20 payload=00 00 00 00 35 00 00 00 00 00 00 00 00 00 00 00 07 CF 00 00
time=0.053000 kind=2 id=2 len=32 payload=0A D7 23 3C 00 00 00 00 00 00 00 00 00 00 00 00 00 00 00 00 00 00 00 00 00 00 00 00 00 00 00 00
time=0.053000 kind=1 id=3 len=12 payload=00 00 00 00 00 00 00 00 00 00 00 00
time=0.054000 kind=3 id=1 len=20 payload=00 00 00 00 36 00 00 00 00 00 00 00 00 00 00 00 EF D2 00 00
time=0.054000 kind=2 id=2 len=32 payload=0A D7 23 3C 00 00 00 00 00 00 00 00 00 00 00 00 00 00 00 00 00 00 00 00 00 00 00 00 00 00 00 00
time=0.054000 kind=1 id=3 len=12 payload=00 00 00 00 00 00 00 00 00 00 00 00
time=0.055000 kind=3 id=1 len=20 payload=00 00 00 00 37 00 00 00 00 00 00 00 00 00 00 00 D7 D6 00 00
time=0.055000 kind=2 id=2 len=32 payload=0A D7 23 3C 00 00 00 00 00 00 00 00 00 00 00 00 00 00 00 00 00 00 00 00 00 00 00 00 00 00 00 00
time=0.055000 kind=1 id=3 len=12 payload=00 00 00 00 00 00 00 00 00 00 00 00
time=0.056000 kind=3 id=1 len=20 payload=00 00 00 00 38 00 00 00 00 00 00 00 00 00 00 00 BF DA 00 00
time=0.056000 kind=2 id=2 len=32 payload=0A D7 23 3C 00 00 00 00 00 00 00 00 00 00 00 00 00 00 00 00 00 00 00 00 00 00 00 00 00 00 00 00
time=0.056000 kind=1 id=3 len=12 payload=00 00 00 00 00 00 00 00 00 00 00 00
time=0.057000 kind=3 id=1 len=20 payload=00 00 00 00 39 00 00 00 00 00 00 00 00 00 00 00 A7 DE 00 00
time=0.057000 kind=2 id=2 len=32 payload=0A D7 23 3C 00 00 00 00 00 00 00 00 00 00 00 00 00 00 00 00 00 00 00 00 00 00 00 00 00 00 00 00
time=0.057000 kind=1 id=3 len=12 payload=00 00 00 00 00 00 00 00 00 00 00 00
time=0.058000 kind=3 id=1 len=20 payload=00 00 00 00 3A 00 00 00 00 00 00 00 00 00 00 00 8F E2 00 00
time=0.058000 kind=2 id=2 len=32 payload=0A D7 23 3C 00 00 00 00 00 00 00 00 00 00 00 00 00 00 00 00 00 00 00 00 00 00 00 00 00 00 00 00
time=0.058000 kind=1 id=3 len=12 payload=00 00 00 00 00 00 00 00 00 00 00 00
time=0.059000 kind=3 id=1 len=20 payload=00 00 00 00 3B 00 00 00 00 00 00 00 00 00 00 00 77 E6 00 00
time=0.059000 kind=2 id=2 len=32 payload=0A D7 23 3C 00 00 00 00 00 00 00 00 00 00 00 00 00 00 00 00 00 00 00 00 00 00 00 00 00 00 00 00
time=0.059000 kind=1 id=3 len=12 payload=00 00 00 00 00 00 00 00 00 00 00 00
time=0.060000 kind=3 id=1 len=20 payload=00 00 00 00 3C 00 00 00 00 00 00 00 00 00 00 00 5F EA 00 00
time=0.060000 kind=2 id=2 len=32 payload=0A D7 23 3C 00 00 00 00 00 00 00 00 00 00 00 00 00 00 00 00 00 00 00 00 00 00 00 00 00 00 00 00
time=0.060000 kind=1 id=3 len=12 payload=00 00 00 00 00 00 00 00 00 00 00 00
time=0.061000 kind=3 id=1 len=20 payload=00 00 00 00 3D 00 00 00 00 00 00 00 00 00 00 00 47 EE 00 00
time=0.061000 kind=2 id=2 len=32 payload=0A D7 23 3C 00 00 00 00 00 00 00 00 00 00 00 00 00 00 00 00 00 00 00 00 00 00 00 00 00 00 00 00
time=0.061000 kind=1 id=3 len=12 payload=00 00 00 00 00 00 00 00 00 00 00 00
time=0.062000 kind=3 id=1 len=20 payload=00 00 00 00 3E 00 00 00 00 00 00 00 00 00 00 00 2F F2 00 00
time=0.062000 kind=2 id=2 len=32 payload=0A D7 23 3C 00 00 00 00 00 00 00 00 00 00 00 00 00 00 00 00 00 00 00 00 00 00 00 00 00 00 00 00
time=0.062000 kind=1 id=3 len=12 payload=00 00 00 00 00 00 00 00 00 00 00 00
time=0.063000 kind=3 id=1 len=20 payload=00 00 00 00 3F 00 00 00 00 00 00 00 00 00 00 00 17 F6 00 00
time=0.063000 kind=2 id=2 len=32 payload=0A D7 23 3C 00 00 00 00 00 00 00 00 00 00 00 00 00 00 00 00 00 00 00 00 00 00 00 00 00 00 00 00
time=0.063000 kind=1 id=3 len=12 payload=00 00 00 00 00 00 00 00 00 00 00 00
time=0.064000 kind=3 id=1 len=20 payload=00 00 00 00 40 00 00 00 00 00 00 00 00 00 00 00 FF F9 00 00
time=0.064000 kind=2 id=2 len=32 payload=0A D7 23 3C 00 00 00 00 00 00 00 00 00 00 00 00 00 00 00 00 00 00 00 00 00 00 00 00 00 00 00 00
time=0.064000 kind=1 id=3 len=12 payload=00 00 00 00 00 00 00 00 00 00 00 00
time=0.065000 kind=3 id=1 len=20 payload=00 00 00 00 41 00 00 00 00 00 00 00 00 00 00 00 E7 FD 00 00
time=0.065000 kind=2 id=2 len=32 payload=0A D7 23 3C 00 00 00 00 00 00 00 00 00 00 00 00 00 00 00 00 00 00 00 00 00 00 00 00 00 00 00 00
time=0.065000 kind=1 id=3 len=12 payload=00 00 00 00 00 00 00 00 00 00 00 00
time=0.066000 kind=3 id=1 len=20 payload=00 00 00 00 42 00 00 00 00 00 00 00 00 00 00 00 CF 01 01 00
time=0.066000 kind=2 id=2 len=32 payload=0A D7 23 3C 00 00 00 00 00 00 00 00 00 00 00 00 00 00 00 00 00 00 00 00 00 00 00 00 00 00 00 00
time=0.066000 kind=1 id=3 len=12 payload=00 00 00 00 00 00 00 00 00 00 00 00
time=0.067000 kind=3 id=1 len=20 payload=00 00 00 00 43 00 00 00 00 00 00 00 00 00 00 00 B7 05 01 00
time=0.067000 kind=2 id=2 len=32 payload=0A D7 23 3C 00 00 00 00 00 00 00 00 00 00 00 00 00 00 00 00 00 00 00 00 00 00 00 00 00 00 00 00
time=0.067000 kind=1 id=3 len=12 payload=00 00 00 00 00 00 00 00 00 00 00 00
time=0.068000 kind=3 id=1 len=20 payload=00 00 00 00 44 00 00 00 00 00 00 00 00 00 00 00 9F 09 01 00
time=0.068000 kind=2 id=2 len=32 payload=0A D7 23 3C 00 00 00 00 00 00 00 00 00 00 00 00 00 00 00 00 00 00 00 00 00 00 00 00 00 00 00 00
time=0.068000 kind=1 id=3 len=12 payload=00 00 00 00 00 00 00 00 00 00 00 00
time=0.069000 kind=3 id=1 len=20 payload=00 00 00 00 45 00 00 00 00 00 00 00 00 00 00 00 87 0D 01 00
time=0.069000 kind=2 id=2 len=32 payload=0A D7 23 3C 00 00 00 00 00 00 00 00 00 00 00 00 00 00 00 00 00 00 00 00 00 00 00 00 00 00 00 00
time=0.069000 kind=1 id=3 len=12 payload=00 00 00 00 00 00 00 00 00 00 00 00
time=0.070000 kind=3 id=1 len=20 payload=00 00 00 00 46 00 00 00 00 00 00 00 00 00 00 00 6F 11 01 00
time=0.070000 kind=2 id=2 len=32 payload=0A D7 23 3C 00 00 00 00 00 00 00 00 00 00 00 00 00 00 00 00 00 00 00 00 00 00 00 00 00 00 00 00
time=0.070000 kind=1 id=3 len=12 payload=00 00 00 00 00 00 00 00 00 00 00 00
time=0.071000 kind=3 id=1 len=20 payload=00 00 00 00 47 00 00 00 00 00 00 00 00 00 00 00 57 15 01 00
time=0.071000 kind=2 id=2 len=32 payload=0A D7 23 3C 00 00 00 00 00 00 00 00 00 00 00 00 00 00 00 00 00 00 00 00 00 00 00 00 00 00 00 00
time=0.071000 kind=1 id=3 len=12 payload=00 00 00 00 00 00 00 00 00 00 00 00
time=0.072000 kind=3 id=1 len=20 payload=00 00 00 00 48 00 00 00 00 00 00 00 00 00 00 00 3F 19 01 00
time=0.072000 kind=2 id=2 len=32 payload=0A D7 23 3C 00 00 00 00 00 00 00 00 00 00 00 00 00 00 00 00 00 00 00 00 00 00 00 00 00 00 00 00
time=0.072000 kind=1 id=3 len=12 payload=00 00 00 00 00 00 00 00 00 00 00 00
time=0.073000 kind=3 id=1 len=20 payload=00 00 00 00 49 00 00 00 00 00 00 00 00 00 00 00 27 1D 01 00
time=0.073000 kind=2 id=2 len=32 payload=0A D7 23 3C 00 00 00 00 00 00 00 00 00 00 00 00 00 00 00 00 00 00 00 00 00 00 00 00 00 00 00 00
time=0.073000 kind=1 id=3 len=12 payload=00 00 00 00 00 00 00 00 00 00 00 00
time=0.074000 kind=3 id=1 len=20 payload=00 00 00 00 4A 00 00 00 00 00 00 00 00 00 00 00 0F 21 01 00
time=0.074000 kind=2 id=2 len=32 payload=0A D7 23 3C 00 00 00 00 00 00 00 00 00 00 00 00 00 00 00 00 00 00 00 00 00 00 00 00 00 00 00 00
time=0.074000 kind=1 id=3 len=12 payload=00 00 00 00 00 00 00 00 00 00 00 00
time=0.075000 kind=3 id=1 len=20 payload=00 00 00 00 4B 00 00 00 00 00 00 00 00 00 00 00 F7 24 01 00
time=0.075000 kind=2 id=2 len=32 payload=0A D7 23 3C 00 00 00 00 00 00 00 00 00 00 00 00 00 00 00 00 00 00 00 00 00 00 00 00 00 00 00 00
time=0.075000 kind=1 id=3 len=12 payload=00 00 00 00 00 00 00 00 00 00 00 00
time=0.076000 kind=3 id=1 len=20 payload=00 00 00 00 4C 00 00 00 00 00 00 00 00 00 00 00 DF 28 01 00
time=0.076000 kind=2 id=2 len=32 payload=0A D7 23 3C 00 00 00 00 00 00 00 00 00 00 00 00 00 00 00 00 00 00 00 00 00 00 00 00 00 00 00 00
time=0.076000 kind=1 id=3 len=12 payload=00 00 00 00 00 00 00 00 00 00 00 00
time=0.077000 kind=3 id=1 len=20 payload=00 00 00 00 4D 00 00 00 00 00 00 00 00 00 00 00 C7 2C 01 00
time=0.077000 kind=2 id=2 len=32 payload=0A D7 23 3C 00 00 00 00 00 00 00 00 00 00 00 00 00 00 00 00 00 00 00 00 00 00 00 00 00 00 00 00
time=0.077000 kind=1 id=3 len=12 payload=00 00 00 00 00 00 00 00 00 00 00 00
time=0.078000 kind=3 id=1 len=20 payload=00 00 00 00 4E 00 00 00 00 00 00 00 00 00 00 00 AF 30 01 00
time=0.078000 kind=2 id=2 len=32 payload=0A D7 23 3C 00 00 00 00 00 00 00 00 00 00 00 00 00 00 00 00 00 00 00 00 00 00 00 00 00 00 00 00
time=0.078000 kind=1 id=3 len=12 payload=00 00 00 00 00 00 00 00 00 00 00 00
time=0.079000 kind=3 id=1 len=20 payload=00 00 00 00 4F 00 00 00 00 00 00 00 00 00 00 00 97 34 01 00
time=0.079000 kind=2 id=2 len=32 payload=0A D7 23 3C 00 00 00 00 00 00 00 00 00 00 00 00 00 00 00 00 00 00 00 00 00 00 00 00 00 00 00 00
time=0.079000 kind=1 id=3 len=12 payload=00 00 00 00 00 00 00 00 00 00 00 00
time=0.080000 kind=3 id=1 len=20 payload=00 00 00 00 50 00 00 00 00 00 00 00 00 00 00 00 7F 38 01 00
time=0.080000 kind=2 id=2 len=32 payload=0A D7 23 3C 00 00 00 00 00 00 00 00 00 00 00 00 00 00 00 00 00 00 00 00 00 00 00 00 00 00 00 00
time=0.080000 kind=1 id=3 len=12 payload=00 00 00 00 00 00 00 00 00 00 00 00
time=0.081000 kind=3 id=1 len=20 payload=00 00 00 00 51 00 00 00 00 00 00 00 00 00 00 00 67 3C 01 00
time=0.081000 kind=2 id=2 len=32 payload=0A D7 23 3C 00 00 00 00 00 00 00 00 00 00 00 00 00 00 00 00 00 00 00 00 00 00 00 00 00 00 00 00
time=0.081000 kind=1 id=3 len=12 payload=00 00 00 00 00 00 00 00 00 00 00 00
time=0.082000 kind=3 id=1 len=20 payload=00 00 00 00 52 00 00 00 00 00 00 00 00 00 00 00 4F 40 01 00
time=0.082000 kind=2 id=2 len=32 payload=0A D7 23 3C 00 00 00 00 00 00 00 00 00 00 00 00 00 00 00 00 00 00 00 00 00 00 00 00 00 00 00 00
time=0.082000 kind=1 id=3 len=12 payload=00 00 00 00 00 00 00 00 00 00 00 00
time=0.083000 kind=3 id=1 len=20 payload=00 00 00 00 53 00 00 00 00 00 00 00 00 00 00 00 37 44 01 00
time=0.083000 kind=2 id=2 len=32 payload=0A D7 23 3C 00 00 00 00 00 00 00 00 00 00 00 00 00 00 00 00 00 00 00 00 00 00 00 00 00 00 00 00
time=0.083000 kind=1 id=3 len=12 payload=00 00 00 00 00 00 00 00 00 00 00 00
time=0.084000 kind=3 id=1 len=20 payload=00 00 00 00 54 00 00 00 00 00 00 00 00 00 00 00 1F 48 01 00
time=0.084000 kind=2 id=2 len=32 payload=0A D7 23 3C 00 00 00 00 00 00 00 00 00 00 00 00 00 00 00 00 00 00 00 00 00 00 00 00 00 00 00 00
time=0.084000 kind=1 id=3 len=12 payload=00 00 00 00 00 00 00 00 00 00 00 00
time=0.085000 kind=3 id=1 len=20 payload=00 00 00 00 55 00 00 00 00 00 00 00 00 00 00 00 07 4C 01 00
time=0.085000 kind=2 id=2 len=32 payload=0A D7 23 3C 00 00 00 00 00 00 00 00 00 00 00 00 00 00 00 00 00 00 00 00 00 00 00 00 00 00 00 00
time=0.085000 kind=1 id=3 len=12 payload=00 00 00 00 00 00 00 00 00 00 00 00
time=0.086000 kind=3 id=1 len=20 payload=00 00 00 00 56 00 00 00 00 00 00 00 00 00 00 00 EF 4F 01 00
time=0.086000 kind=2 id=2 len=32 payload=0A D7 23 3C 00 00 00 00 00 00 00 00 00 00 00 00 00 00 00 00 00 00 00 00 00 00 00 00 00 00 00 00
time=0.086000 kind=1 id=3 len=12 payload=00 00 00 00 00 00 00 00 00 00 00 00
time=0.087000 kind=3 id=1 len=20 payload=00 00 00 00 57 00 00 00 00 00 00 00 00 00 00 00 D7 53 01 00
time=0.087000 kind=2 id=2 len=32 payload=0A D7 23 3C 00 00 00 00 00 00 00 00 00 00 00 00 00 00 00 00 00 00 00 00 00 00 00 00 00 00 00 00
time=0.087000 kind=1 id=3 len=12 payload=00 00 00 00 00 00 00 00 00 00 00 00
time=0.088000 kind=3 id=1 len=20 payload=00 00 00 00 58 00 00 00 00 00 00 00 00 00 00 00 BF 57 01 00
time=0.088000 kind=2 id=2 len=32 payload=0A D7 23 3C 00 00 00 00 00 00 00 00 00 00 00 00 00 00 00 00 00 00 00 00 00 00 00 00 00 00 00 00
time=0.088000 kind=1 id=3 len=12 payload=00 00 00 00 00 00 00 00 00 00 00 00
time=0.089000 kind=3 id=1 len=20 payload=00 00 00 00 59 00 00 00 00 00 00 00 00 00 00 00 A8 5B 01 00
time=0.089000 kind=2 id=2 len=32 payload=0A D7 23 3C 00 00 00 00 00 00 00 00 00 00 00 00 00 00 00 00 00 00 00 00 00 00 00 00 00 00 00 00
time=0.089000 kind=1 id=3 len=12 payload=00 00 00 00 00 00 00 00 00 00 00 00
time=0.090000 kind=3 id=1 len=20 payload=00 00 00 00 5A 00 00 00 00 00 00 00 00 00 00 00 90 5F 01 00
time=0.090000 kind=2 id=2 len=32 payload=0A D7 23 3C 00 00 00 00 00 00 00 00 00 00 00 00 00 00 00 00 00 00 00 00 00 00 00 00 00 00 00 00
time=0.090000 kind=1 id=3 len=12 payload=00 00 00 00 00 00 00 00 00 00 00 00
time=0.091000 kind=3 id=1 len=20 payload=00 00 00 00 5B 00 00 00 00 00 00 00 00 00 00 00 78 63 01 00
time=0.091000 kind=2 id=2 len=32 payload=0A D7 23 3C 00 00 00 00 00 00 00 00 00 00 00 00 00 00 00 00 00 00 00 00 00 00 00 00 00 00 00 00
time=0.091000 kind=1 id=3 len=12 payload=00 00 00 00 00 00 00 00 00 00 00 00
time=0.092000 kind=3 id=1 len=20 payload=00 00 00 00 5C 00 00 00 00 00 00 00 00 00 00 00 60 67 01 00
time=0.092000 kind=2 id=2 len=32 payload=0A D7 23 3C 00 00 00 00 00 00 00 00 00 00 00 00 00 00 00 00 00 00 00 00 00 00 00 00 00 00 00 00
time=0.092000 kind=1 id=3 len=12 payload=00 00 00 00 00 00 00 00 00 00 00 00
time=0.093000 kind=3 id=1 len=20 payload=00 00 00 00 5D 00 00 00 00 00 00 00 00 00 00 00 48 6B 01 00
time=0.093000 kind=2 id=2 len=32 payload=0A D7 23 3C 00 00 00 00 00 00 00 00 00 00 00 00 00 00 00 00 00 00 00 00 00 00 00 00 00 00 00 00
time=0.093000 kind=1 id=3 len=12 payload=00 00 00 00 00 00 00 00 00 00 00 00
time=0.094000 kind=3 id=1 len=20 payload=00 00 00 00 5E 00 00 00 00 00 00 00 00 00 00 00 30 6F 01 00
time=0.094000 kind=2 id=2 len=32 payload=0A D7 23 3C 00 00 00 00 00 00 00 00 00 00 00 00 00 00 00 00 00 00 00 00 00 00 00 00 00 00 00 00
time=0.094000 kind=1 id=3 len=12 payload=00 00 00 00 00 00 00 00 00 00 00 00
time=0.095000 kind=3 id=1 len=20 payload=00 00 00 00 5F 00 00 00 00 00 00 00 00 00 00 00 18 73 01 00
time=0.095000 kind=2 id=2 len=32 payload=0A D7 23 3C 00 00 00 00 00 00 00 00 00 00 00 00 00 00 00 00 00 00 00 00 00 00 00 00 00 00 00 00
time=0.095000 kind=1 id=3 len=12 payload=00 00 00 00 00 00 00 00 00 00 00 00
time=0.096000 kind=3 id=1 len=20 payload=00 00 00 00 60 00 00 00 00 00 00 00 00 00 00 00 00 77 01 00
time=0.096000 kind=2 id=2 len=32 payload=0A D7 23 3C 00 00 00 00 00 00 00 00 00 00 00 00 00 00 00 00 00 00 00 00 00 00 00 00 00 00 00 00
time=0.096000 kind=1 id=3 len=12 payload=00 00 00 00 00 00 00 00 00 00 00 00
time=0.097000 kind=3 id=1 len=20 payload=00 00 00 00 61 00 00 00 00 00 00 00 00 00 00 00 E8 7A 01 00
time=0.097000 kind=2 id=2 len=32 payload=0A D7 23 3C 00 00 00 00 00 00 00 00 00 00 00 00 00 00 00 00 00 00 00 00 00 00 00 00 00 00 00 00
time=0.097000 kind=1 id=3 len=12 payload=00 00 00 00 00 00 00 00 00 00 00 00
time=0.098000 kind=3 id=1 len=20 payload=00 00 00 00 62 00 00 00 00 00 00 00 00 00 00 00 D0 7E 01 00
time=0.098000 kind=2 id=2 len=32 payload=0A D7 23 3C 00 00 00 00 00 00 00 00 00 00 00 00 00 00 00 00 00 00 00 00 00 00 00 00 00 00 00 00
time=0.098000 kind=1 id=3 len=12 payload=00 00 00 00 00 00 00 00 00 00 00 00
time=0.099000 kind=3 id=1 len=20 payload=00 00 00 00 63 00 00 00 00 00 00 00 00 00 00 00 B8 82 01 00
time=0.099000 kind=2 id=2 len=32 payload=0A D7 23 3C 00 00 00 00 00 00 00 00 00 00 00 00 00 00 00 00 00 00 00 00 00 00 00 00 00 00 00 00
time=0.099000 kind=1 id=3 len=12 payload=00 00 00 00 00 00 00 00 00 00 00 00
